 1   1   2   3   4   5   6   7   8   2   3   4   5   6   7   8
 2   9  10  11   4  12  13  14  15  10  11   4  12  13  14  15
 3   9   2  11   4  16   6  14  17   2  11   4  16   6  14  17
 4   1   2   3   4   5   6   7   8  10  11   4  12  13  14  15
 5   9   2  11   4  16   6  14  17  10  11   4  12  13  14  15
 6   1  18  19   4  20  21  22  23  18  19   4  20  21  22  23
 7   1  24  25   4  26  27  28  29  30  31   4  32  33  34  35
 8   1  36  37   4  38  39  40  41  36  37   4  42  43  40  41
 9 349 350  44  45  46  47  48  49 350  44  45  46  47  48  49
10  50  51  52  53  54  55  56  57  51  52  53  54  55  56  57
12  58  59  60  61  62  63  64  65  59  60  61  62  63  64  65
13  58  67  60  61  68  69  64  70  67  60  61  68  69  64  70
14  58  59  60  61  62  63  64  65  67  60  61  68  69  64  70
15  71  72  60  61  73  74  64  75  72  60  61  73  74  64  75
16  71  76  60  61  77  78  64  79  80  60  61  81  82  64  83
17  71  84  60  61  85  86  64  87  84  60  61  85  86  64  88
18  89  90  91  92  93  94  95  96  90  91  92  93  94  95  96
19  97  98  99 100 101 102 103 104  98  99 100 101 102 103 104
20 105 106 107 108 109 110 111 112 106 107 108 109 110 111 112
21 113 114 115 116 117 118 119 120 114 115 116 117 118 119 120
22 121 122 123 124 125 126 127 128 122 123 124 125 126 127 128
23 129 130 131 132 133 134 135 136 130 131 132 133 134 135 136
24 137 138 139 140 141 142 143 144 138 139 140 141 142 143 144
25 145 146 147 148 149 150 151 152 146 147 148 149 150 151 152
26 153 154 155 156 157 158 159 160 154 155 156 157 158 159 160
27 171 171 171 171 171 171 171 171 171 171 171 171 171 171 171
28 172 171 173 174 171 171 175 171 176 173 174 177 178 175 179
29 161 162 161 161 163 164 161 165 162 161 161 163 164 161 165
30 166 167 166 166 168 169 166 170 167 166 166 168 169 166 170
31 220 220 221 221 221 221 221 221 220 220 220 220 220 220 220
32 220 220 221 222 221 223 224 225 220 220 220 220 220 220 220
33 226 226 227 228 229 223 230 230 220 220 220 220 220 220 220
34 226 232 221 222 233 234 224 235 220 220 220 220 220 220 220
35 236 237 238 239 240 258 241 242 237 238 239 240 258 241 242
36 243 244 245 246 247 248 249 250 244 245 246 247 248 249 250
37 220 251 252 253 254 255 256 257 220 220 220 220 220 220 220
38 220 273 274 275 276 277 278 279 220 220 220 220 220 220 220
39 220 273 274 275 280 281 282 283 220 220 220 220 220 220 220
40 220 220 284 284 284 284 284 284 220 220 220 220 220 220 220
41 285 286 287 288 289 290 291 292 286 293 294 289 295 296 292
43 297 298 299 300 301 302 303 304 305 306 300 307 308 309 310
44 180 311 312 313 314 315 316 317 180 180 180 180 180 180 180
45 180 311 318 319 314 320 321 317 180 180 180 180 180 180 180
46 180 311 322 323 314 324 325 317 180 180 180 180 180 180 180
47 180 326 327 328 329 330 331 332 333 180 180 333 333 180 333
48 180 334 327 328 335 336 331 337 333 180 180 333 333 180 333
49 180 338 327 328 339 340 331 341 333 180 180 333 333 180 333
50 180 326 206 207 208 330 209 210 333 180 180 333 333 180 333
51 180 334 206 207 211 336 209 212 333 180 180 333 333 180 333
52 180 338 206 207 213 340 209 214 333 180 180 333 333 180 333
53 180 215 206 207 217 218 209 219 215 180 180 217 218 180 219
54 180 181 182 183 184 185 186 187 180 180 180 180 180 180 180
55 188 189 190 191 192 193 194 195 189 190 191 192 193 194 195
56 196 197 198 199 200 201 202 203 197 198 199 200 201 204 205
60   1 351 351   4 351 351 351 351 351 351   4 351 351 351 351
61   1 352 352   4 352 352 352 352 352 352   4 352 352 352 352
62  58 354  60  61 354 354  64 354 354  60  61 354 354  64 354
63 365 365 365 365 365 365 365 365 365 365 365 365 365 365 365
64 220 356 357 358 357 358 358 358 220 220 220 220 220 220 220
65 363 363 363 363 363 363 363 363 363 363 363 363 363 363 363
66 364 364 364 364 364 364 364 364 364 364 364 364 364 364 364
67 180 367 327 328 367 367 331 367 333 180 180 333 333 180 333
68 368 368 368 368 368 368 368 368 368 368 368 368 368 368 368
69 369 370 369 370 369 369 370 369 370 369 370 369 369 370 369
70 220 259 260 261 262 263 264 265 220 220 220 220 220 220 220
71 220 266 267 268 269 270 271 272 220 220 220 220 220 220 220
72 390 391 392 390 393 394 390 390 391 392 390 393 394 390 390
73 390 395 396 390 397 395 390 390 395 396 390 398 395 390 390
74 390 399 400 390 401 402 390 390 399 400 390 401 402 390 390
75 390 403 404 390 405 406 390 390 403 404 390 405 406 390 390
76 390 390 390 407 390 408 409 410 390 390 407 390 408 409 410
77 390 390 390 411 390 412 413 414 390 390 411 390 411 411 411
78 390 390 390 407 390 415 416 417 390 390 407 390 415 416 416
79 390 390 390 418 390 419 420 421 390 390 418 390 419 420 421
80 390 422 423 424 425 426 427 428 422 423 424 425 426 427 428
81 390 429 430 431 432 433 434 435 429 430 431 432 433 434 435
82 442 454 455 480 456 480 480 480 442 442 480 442 480 480 480
83 442 443 444 480 445 480 480 480 442 442 480 442 480 480 480
84 446 447 448 480 449 480 480 480 447 448 480 449 480 480 480
85 450 451 452 480 453 480 480 480 451 452 480 453 480 480 480
86 479 479 479 457 479 458 459 460 479 479 457 459 458 459 460
87 479 479 479 461 479 462 463 464 479 479 465 479 465 465 465
88 479 479 479 466 479 467 468 469 479 479 466 479 467 468 469
89 479 479 479 470 479 471 472 473 479 479 470 479 471 472 473
90 390 436 390 437 438 439 440 441 436 390 437 438 439 440 441
91 479 479 479 474 479 475 476 477 479 479 478 479 478 478 478
99   0   0   0   0   0   0   0   0   0   0   0   0   0   0   0
